{
 "cells": [
  {
   "cell_type": "code",
   "execution_count": 2,
   "id": "bored-graphic",
   "metadata": {},
   "outputs": [
    {
     "name": "stdout",
     "output_type": "stream",
     "text": [
      "(60000, 28, 28)\n",
      "(60000, 784)\n"
     ]
    }
   ],
   "source": [
    "import numpy as np\n",
    "import matplotlib.pyplot as plt\n",
    "%matplotlib inline\n",
    "#import pickle\n",
    "\n",
    "import tensorflow as tf\n",
    "from tensorflow.keras import Input, models, layers, losses\n",
    "from tensorflow.keras.models import Model\n",
    "\n",
    "\n",
    "(x_train, y_train), (x_test, y_test) = tf.keras.datasets.mnist.load_data()\n",
    "# y_train, y_test\n",
    "\n",
    "x_train = x_train.astype('float32') / 255.\n",
    "x_test = x_test.astype('float32') / 255.\n",
    "\n",
    "mask0 = (y_train == 0)\n",
    "mask1 = (y_train == 1)\n",
    "mask2 = (y_train == 2)\n",
    "mask3 = (y_train == 3)\n",
    "mask4 = (y_train == 4)\n",
    "mask5 = (y_train == 5)\n",
    "mask6 = (y_train == 6)\n",
    "mask7 = (y_train == 7)\n",
    "mask8 = (y_train == 8)\n",
    "mask9 = (y_train == 9)\n",
    "x_train0 = x_train[mask0]\n",
    "x_train1 = x_train[mask1]\n",
    "x_train2 = x_train[mask2]\n",
    "x_train3 = x_train[mask3]\n",
    "x_train4 = x_train[mask4]\n",
    "x_train5 = x_train[mask5]\n",
    "x_train6 = x_train[mask6]\n",
    "x_train7 = x_train[mask7]\n",
    "x_train8 = x_train[mask8]\n",
    "x_train9 = x_train[mask9]\n",
    "\n",
    "print(x_train.shape)\n",
    "\n",
    "# reshape (B, H, W) -> (B, H*W)\n",
    "x_train = x_train.reshape((len(x_train), np.prod(x_train.shape[1:])))\n",
    "x_test = x_test.reshape((len(x_test), np.prod(x_test.shape[1:])))\n",
    "\n",
    "print(x_train.shape)\n"
   ]
  },
  {
   "cell_type": "code",
   "execution_count": null,
   "id": "provincial-seller",
   "metadata": {},
   "outputs": [],
   "source": [
    "!zip -r stored_pattern.zip ./stored_pattern"
   ]
  },
  {
   "cell_type": "code",
   "execution_count": null,
   "id": "accredited-messaging",
   "metadata": {},
   "outputs": [
    {
     "name": "stdout",
     "output_type": "stream",
     "text": [
      "Namespace(T=1.0, batch_size=128, beita=0.01, dataset='cifar10', droprate=0.3, k=0.8, layers=40, metric='inner_product', model='resnet18', need_penultimate=4, noise=0.0014, num_class=10, num_to_avg=10, parallel_list='0', resize_val=112, score='SHE', stored_data_path='oodData', threshold=1.0, widen_factor=2)\n",
      "Size of sample is 112*112\n",
      "True\n",
      "Files already downloaded and verified\n",
      "Files already downloaded and verified\n",
      "[[27.291662 18.614132 18.917698 16.977814 16.269041 15.780832 15.683271\n",
      "  17.516659 19.733599 19.700056]\n",
      " [18.614132 41.505836 15.252005 17.800522 14.454283 17.243233 18.001417\n",
      "  17.817215 20.671387 28.823551]\n",
      " [18.917698 15.252005 28.669546 21.100124 20.730509 20.660595 21.21904\n",
      "  20.072035 14.90126  14.78522 ]\n",
      " [16.977814 17.800522 21.100124 32.81755  21.185837 27.405315 22.72475\n",
      "  22.756487 15.737179 18.697351]\n",
      " [16.269041 14.454283 20.730509 21.185837 30.249325 21.6089   20.353895\n",
      "  23.349806 14.15184  14.945722]\n",
      " [15.780832 17.243233 20.660595 27.405315 21.6089   34.046078 20.778934\n",
      "  25.072535 14.404547 17.915457]\n",
      " [15.683271 18.001417 21.21904  22.72475  20.353895 20.778934 34.80645\n",
      "  18.064922 15.370961 16.815197]\n",
      " [17.516659 17.817215 20.072035 22.756487 23.349806 25.072535 18.064922\n",
      "  37.959545 15.247223 19.738668]\n",
      " [19.733599 20.671387 14.90126  15.737179 14.15184  14.404547 15.370961\n",
      "  15.247223 30.607433 21.533112]\n",
      " [19.700056 28.823551 14.78522  18.697351 14.945722 17.915457 16.815197\n",
      "  19.738668 21.533112 41.518883]]\n",
      "[[27.291662 18.614132 18.917698 16.977814 16.269041 15.780832 15.683271\n",
      "  17.516659 19.733599 19.700056]\n",
      " [18.614132 41.505836 15.252005 17.800522 14.454283 17.243233 18.001417\n",
      "  17.817215 20.671387 28.823551]\n",
      " [18.917698 15.252005 28.669546 21.100124 20.730509 20.660595 21.21904\n",
      "  20.072035 14.90126  14.78522 ]\n",
      " [16.977814 17.800522 21.100124 32.81755  21.185837 27.405315 22.72475\n",
      "  22.756487 15.737179 18.697351]\n",
      " [16.269041 14.454283 20.730509 21.185837 30.249325 21.6089   20.353895\n",
      "  23.349806 14.15184  14.945722]\n",
      " [15.780832 17.243233 20.660595 27.405315 21.6089   34.046078 20.778934\n",
      "  25.072535 14.404547 17.915457]\n",
      " [15.683271 18.001417 21.21904  22.72475  20.353895 20.778934 34.80645\n",
      "  18.064922 15.370961 16.815197]\n",
      " [17.516659 17.817215 20.072035 22.756487 23.349806 25.072535 18.064922\n",
      "  37.959545 15.247223 19.738668]\n",
      " [19.733599 20.671387 14.90126  15.737179 14.15184  14.404547 15.370961\n",
      "  15.247223 30.607433 21.533112]\n",
      " [19.700056 28.823551 14.78522  18.697351 14.945722 17.915457 16.815197\n",
      "  19.738668 21.533112 41.518883]]\n",
      "[[27.291662 18.614132 18.917698 16.977814 16.269041 15.780832 15.683271\n",
      "  17.516659 19.733599 19.700056]\n",
      " [18.614132 41.505836 15.252005 17.800522 14.454283 17.243233 18.001417\n",
      "  17.817215 20.671387 28.823551]\n",
      " [18.917698 15.252005 28.669546 21.100124 20.730509 20.660595 21.21904\n",
      "  20.072035 14.90126  14.78522 ]\n",
      " [16.977814 17.800522 21.100124 32.81755  21.185837 27.405315 22.72475\n",
      "  22.756487 15.737179 18.697351]\n",
      " [16.269041 14.454283 20.730509 21.185837 30.249325 21.6089   20.353895\n",
      "  23.349806 14.15184  14.945722]\n",
      " [15.780832 17.243233 20.660595 27.405315 21.6089   34.046078 20.778934\n",
      "  25.072535 14.404547 17.915457]\n",
      " [15.683271 18.001417 21.21904  22.72475  20.353895 20.778934 34.80645\n",
      "  18.064922 15.370961 16.815197]\n",
      " [17.516659 17.817215 20.072035 22.756487 23.349806 25.072535 18.064922\n",
      "  37.959545 15.247223 19.738668]\n",
      " [19.733599 20.671387 14.90126  15.737179 14.15184  14.404547 15.370961\n",
      "  15.247223 30.607433 21.533112]\n",
      " [19.700056 28.823551 14.78522  18.697351 14.945722 17.915457 16.815197\n",
      "  19.738668 21.533112 41.518883]]\n",
      "[[27.291662 18.614132 18.917698 16.977814 16.269041 15.780832 15.683271\n",
      "  17.516659 19.733599 19.700056]\n",
      " [18.614132 41.505836 15.252005 17.800522 14.454283 17.243233 18.001417\n",
      "  17.817215 20.671387 28.823551]\n",
      " [18.917698 15.252005 28.669546 21.100124 20.730509 20.660595 21.21904\n",
      "  20.072035 14.90126  14.78522 ]\n",
      " [16.977814 17.800522 21.100124 32.81755  21.185837 27.405315 22.72475\n",
      "  22.756487 15.737179 18.697351]\n",
      " [16.269041 14.454283 20.730509 21.185837 30.249325 21.6089   20.353895\n",
      "  23.349806 14.15184  14.945722]\n",
      " [15.780832 17.243233 20.660595 27.405315 21.6089   34.046078 20.778934\n",
      "  25.072535 14.404547 17.915457]\n",
      " [15.683271 18.001417 21.21904  22.72475  20.353895 20.778934 34.80645\n",
      "  18.064922 15.370961 16.815197]\n",
      " [17.516659 17.817215 20.072035 22.756487 23.349806 25.072535 18.064922\n",
      "  37.959545 15.247223 19.738668]\n",
      " [19.733599 20.671387 14.90126  15.737179 14.15184  14.404547 15.370961\n",
      "  15.247223 30.607433 21.533112]\n",
      " [19.700056 28.823551 14.78522  18.697351 14.945722 17.915457 16.815197\n",
      "  19.738668 21.533112 41.518883]]\n",
      "[[27.291662 18.614132 18.917698 16.977814 16.269041 15.780832 15.683271\n",
      "  17.516659 19.733599 19.700056]\n",
      " [18.614132 41.505836 15.252005 17.800522 14.454283 17.243233 18.001417\n",
      "  17.817215 20.671387 28.823551]\n",
      " [18.917698 15.252005 28.669546 21.100124 20.730509 20.660595 21.21904\n",
      "  20.072035 14.90126  14.78522 ]\n",
      " [16.977814 17.800522 21.100124 32.81755  21.185837 27.405315 22.72475\n",
      "  22.756487 15.737179 18.697351]\n",
      " [16.269041 14.454283 20.730509 21.185837 30.249325 21.6089   20.353895\n",
      "  23.349806 14.15184  14.945722]\n",
      " [15.780832 17.243233 20.660595 27.405315 21.6089   34.046078 20.778934\n",
      "  25.072535 14.404547 17.915457]\n",
      " [15.683271 18.001417 21.21904  22.72475  20.353895 20.778934 34.80645\n",
      "  18.064922 15.370961 16.815197]\n",
      " [17.516659 17.817215 20.072035 22.756487 23.349806 25.072535 18.064922\n",
      "  37.959545 15.247223 19.738668]\n",
      " [19.733599 20.671387 14.90126  15.737179 14.15184  14.404547 15.370961\n",
      "  15.247223 30.607433 21.533112]\n",
      " [19.700056 28.823551 14.78522  18.697351 14.945722 17.915457 16.815197\n",
      "  19.738668 21.533112 41.518883]]\n",
      "[[27.291662 18.614132 18.917698 16.977814 16.269041 15.780832 15.683271\n",
      "  17.516659 19.733599 19.700056]\n",
      " [18.614132 41.505836 15.252005 17.800522 14.454283 17.243233 18.001417\n",
      "  17.817215 20.671387 28.823551]\n",
      " [18.917698 15.252005 28.669546 21.100124 20.730509 20.660595 21.21904\n",
      "  20.072035 14.90126  14.78522 ]\n",
      " [16.977814 17.800522 21.100124 32.81755  21.185837 27.405315 22.72475\n",
      "  22.756487 15.737179 18.697351]\n",
      " [16.269041 14.454283 20.730509 21.185837 30.249325 21.6089   20.353895\n",
      "  23.349806 14.15184  14.945722]\n",
      " [15.780832 17.243233 20.660595 27.405315 21.6089   34.046078 20.778934\n",
      "  25.072535 14.404547 17.915457]\n",
      " [15.683271 18.001417 21.21904  22.72475  20.353895 20.778934 34.80645\n",
      "  18.064922 15.370961 16.815197]\n",
      " [17.516659 17.817215 20.072035 22.756487 23.349806 25.072535 18.064922\n",
      "  37.959545 15.247223 19.738668]\n",
      " [19.733599 20.671387 14.90126  15.737179 14.15184  14.404547 15.370961\n",
      "  15.247223 30.607433 21.533112]\n",
      " [19.700056 28.823551 14.78522  18.697351 14.945722 17.915457 16.815197\n",
      "  19.738668 21.533112 41.518883]]\n",
      "[[27.291662 18.614132 18.917698 16.977814 16.269041 15.780832 15.683271\n",
      "  17.516659 19.733599 19.700056]\n",
      " [18.614132 41.505836 15.252005 17.800522 14.454283 17.243233 18.001417\n",
      "  17.817215 20.671387 28.823551]\n",
      " [18.917698 15.252005 28.669546 21.100124 20.730509 20.660595 21.21904\n",
      "  20.072035 14.90126  14.78522 ]\n",
      " [16.977814 17.800522 21.100124 32.81755  21.185837 27.405315 22.72475\n",
      "  22.756487 15.737179 18.697351]\n",
      " [16.269041 14.454283 20.730509 21.185837 30.249325 21.6089   20.353895\n",
      "  23.349806 14.15184  14.945722]\n",
      " [15.780832 17.243233 20.660595 27.405315 21.6089   34.046078 20.778934\n",
      "  25.072535 14.404547 17.915457]\n",
      " [15.683271 18.001417 21.21904  22.72475  20.353895 20.778934 34.80645\n",
      "  18.064922 15.370961 16.815197]\n",
      " [17.516659 17.817215 20.072035 22.756487 23.349806 25.072535 18.064922\n",
      "  37.959545 15.247223 19.738668]\n",
      " [19.733599 20.671387 14.90126  15.737179 14.15184  14.404547 15.370961\n",
      "  15.247223 30.607433 21.533112]\n",
      " [19.700056 28.823551 14.78522  18.697351 14.945722 17.915457 16.815197\n",
      "  19.738668 21.533112 41.518883]]\n",
      "[[27.291662 18.614132 18.917698 16.977814 16.269041 15.780832 15.683271\n",
      "  17.516659 19.733599 19.700056]\n",
      " [18.614132 41.505836 15.252005 17.800522 14.454283 17.243233 18.001417\n",
      "  17.817215 20.671387 28.823551]\n",
      " [18.917698 15.252005 28.669546 21.100124 20.730509 20.660595 21.21904\n",
      "  20.072035 14.90126  14.78522 ]\n",
      " [16.977814 17.800522 21.100124 32.81755  21.185837 27.405315 22.72475\n",
      "  22.756487 15.737179 18.697351]\n",
      " [16.269041 14.454283 20.730509 21.185837 30.249325 21.6089   20.353895\n",
      "  23.349806 14.15184  14.945722]\n",
      " [15.780832 17.243233 20.660595 27.405315 21.6089   34.046078 20.778934\n",
      "  25.072535 14.404547 17.915457]\n",
      " [15.683271 18.001417 21.21904  22.72475  20.353895 20.778934 34.80645\n",
      "  18.064922 15.370961 16.815197]\n",
      " [17.516659 17.817215 20.072035 22.756487 23.349806 25.072535 18.064922\n",
      "  37.959545 15.247223 19.738668]\n",
      " [19.733599 20.671387 14.90126  15.737179 14.15184  14.404547 15.370961\n",
      "  15.247223 30.607433 21.533112]\n",
      " [19.700056 28.823551 14.78522  18.697351 14.945722 17.915457 16.815197\n",
      "  19.738668 21.533112 41.518883]]\n",
      "[[27.291662 18.614132 18.917698 16.977814 16.269041 15.780832 15.683271\n",
      "  17.516659 19.733599 19.700056]\n",
      " [18.614132 41.505836 15.252005 17.800522 14.454283 17.243233 18.001417\n",
      "  17.817215 20.671387 28.823551]\n",
      " [18.917698 15.252005 28.669546 21.100124 20.730509 20.660595 21.21904\n",
      "  20.072035 14.90126  14.78522 ]\n",
      " [16.977814 17.800522 21.100124 32.81755  21.185837 27.405315 22.72475\n",
      "  22.756487 15.737179 18.697351]\n",
      " [16.269041 14.454283 20.730509 21.185837 30.249325 21.6089   20.353895\n",
      "  23.349806 14.15184  14.945722]\n",
      " [15.780832 17.243233 20.660595 27.405315 21.6089   34.046078 20.778934\n",
      "  25.072535 14.404547 17.915457]\n",
      " [15.683271 18.001417 21.21904  22.72475  20.353895 20.778934 34.80645\n",
      "  18.064922 15.370961 16.815197]\n",
      " [17.516659 17.817215 20.072035 22.756487 23.349806 25.072535 18.064922\n",
      "  37.959545 15.247223 19.738668]\n",
      " [19.733599 20.671387 14.90126  15.737179 14.15184  14.404547 15.370961\n",
      "  15.247223 30.607433 21.533112]\n",
      " [19.700056 28.823551 14.78522  18.697351 14.945722 17.915457 16.815197\n",
      "  19.738668 21.533112 41.518883]]\n",
      "[[27.291662 18.614132 18.917698 16.977814 16.269041 15.780832 15.683271\n",
      "  17.516659 19.733599 19.700056]\n",
      " [18.614132 41.505836 15.252005 17.800522 14.454283 17.243233 18.001417\n",
      "  17.817215 20.671387 28.823551]\n",
      " [18.917698 15.252005 28.669546 21.100124 20.730509 20.660595 21.21904\n",
      "  20.072035 14.90126  14.78522 ]\n",
      " [16.977814 17.800522 21.100124 32.81755  21.185837 27.405315 22.72475\n",
      "  22.756487 15.737179 18.697351]\n",
      " [16.269041 14.454283 20.730509 21.185837 30.249325 21.6089   20.353895\n",
      "  23.349806 14.15184  14.945722]\n",
      " [15.780832 17.243233 20.660595 27.405315 21.6089   34.046078 20.778934\n",
      "  25.072535 14.404547 17.915457]\n",
      " [15.683271 18.001417 21.21904  22.72475  20.353895 20.778934 34.80645\n",
      "  18.064922 15.370961 16.815197]\n",
      " [17.516659 17.817215 20.072035 22.756487 23.349806 25.072535 18.064922\n",
      "  37.959545 15.247223 19.738668]\n",
      " [19.733599 20.671387 14.90126  15.737179 14.15184  14.404547 15.370961\n",
      "  15.247223 30.607433 21.533112]\n",
      " [19.700056 28.823551 14.78522  18.697351 14.945722 17.915457 16.815197\n",
      "  19.738668 21.533112 41.518883]]\n",
      "[[27.291662 18.614132 18.917698 16.977814 16.269041 15.780832 15.683271\n",
      "  17.516659 19.733599 19.700056]\n",
      " [18.614132 41.505836 15.252005 17.800522 14.454283 17.243233 18.001417\n",
      "  17.817215 20.671387 28.823551]\n",
      " [18.917698 15.252005 28.669546 21.100124 20.730509 20.660595 21.21904\n",
      "  20.072035 14.90126  14.78522 ]\n",
      " [16.977814 17.800522 21.100124 32.81755  21.185837 27.405315 22.72475\n",
      "  22.756487 15.737179 18.697351]\n",
      " [16.269041 14.454283 20.730509 21.185837 30.249325 21.6089   20.353895\n",
      "  23.349806 14.15184  14.945722]\n",
      " [15.780832 17.243233 20.660595 27.405315 21.6089   34.046078 20.778934\n",
      "  25.072535 14.404547 17.915457]\n",
      " [15.683271 18.001417 21.21904  22.72475  20.353895 20.778934 34.80645\n",
      "  18.064922 15.370961 16.815197]\n",
      " [17.516659 17.817215 20.072035 22.756487 23.349806 25.072535 18.064922\n",
      "  37.959545 15.247223 19.738668]\n",
      " [19.733599 20.671387 14.90126  15.737179 14.15184  14.404547 15.370961\n",
      "  15.247223 30.607433 21.533112]\n",
      " [19.700056 28.823551 14.78522  18.697351 14.945722 17.915457 16.815197\n",
      "  19.738668 21.533112 41.518883]]\n",
      "[[27.291662 18.614132 18.917698 16.977814 16.269041 15.780832 15.683271\n",
      "  17.516659 19.733599 19.700056]\n",
      " [18.614132 41.505836 15.252005 17.800522 14.454283 17.243233 18.001417\n",
      "  17.817215 20.671387 28.823551]\n",
      " [18.917698 15.252005 28.669546 21.100124 20.730509 20.660595 21.21904\n",
      "  20.072035 14.90126  14.78522 ]\n",
      " [16.977814 17.800522 21.100124 32.81755  21.185837 27.405315 22.72475\n",
      "  22.756487 15.737179 18.697351]\n",
      " [16.269041 14.454283 20.730509 21.185837 30.249325 21.6089   20.353895\n",
      "  23.349806 14.15184  14.945722]\n",
      " [15.780832 17.243233 20.660595 27.405315 21.6089   34.046078 20.778934\n",
      "  25.072535 14.404547 17.915457]\n",
      " [15.683271 18.001417 21.21904  22.72475  20.353895 20.778934 34.80645\n",
      "  18.064922 15.370961 16.815197]\n",
      " [17.516659 17.817215 20.072035 22.756487 23.349806 25.072535 18.064922\n",
      "  37.959545 15.247223 19.738668]\n",
      " [19.733599 20.671387 14.90126  15.737179 14.15184  14.404547 15.370961\n",
      "  15.247223 30.607433 21.533112]\n",
      " [19.700056 28.823551 14.78522  18.697351 14.945722 17.915457 16.815197\n",
      "  19.738668 21.533112 41.518883]]\n",
      "[[27.291662 18.614132 18.917698 16.977814 16.269041 15.780832 15.683271\n",
      "  17.516659 19.733599 19.700056]\n",
      " [18.614132 41.505836 15.252005 17.800522 14.454283 17.243233 18.001417\n",
      "  17.817215 20.671387 28.823551]\n",
      " [18.917698 15.252005 28.669546 21.100124 20.730509 20.660595 21.21904\n",
      "  20.072035 14.90126  14.78522 ]\n",
      " [16.977814 17.800522 21.100124 32.81755  21.185837 27.405315 22.72475\n",
      "  22.756487 15.737179 18.697351]\n",
      " [16.269041 14.454283 20.730509 21.185837 30.249325 21.6089   20.353895\n",
      "  23.349806 14.15184  14.945722]\n",
      " [15.780832 17.243233 20.660595 27.405315 21.6089   34.046078 20.778934\n",
      "  25.072535 14.404547 17.915457]\n",
      " [15.683271 18.001417 21.21904  22.72475  20.353895 20.778934 34.80645\n",
      "  18.064922 15.370961 16.815197]\n",
      " [17.516659 17.817215 20.072035 22.756487 23.349806 25.072535 18.064922\n",
      "  37.959545 15.247223 19.738668]\n",
      " [19.733599 20.671387 14.90126  15.737179 14.15184  14.404547 15.370961\n",
      "  15.247223 30.607433 21.533112]\n",
      " [19.700056 28.823551 14.78522  18.697351 14.945722 17.915457 16.815197\n",
      "  19.738668 21.533112 41.518883]]\n",
      "[[27.291662 18.614132 18.917698 16.977814 16.269041 15.780832 15.683271\n",
      "  17.516659 19.733599 19.700056]\n",
      " [18.614132 41.505836 15.252005 17.800522 14.454283 17.243233 18.001417\n",
      "  17.817215 20.671387 28.823551]\n",
      " [18.917698 15.252005 28.669546 21.100124 20.730509 20.660595 21.21904\n",
      "  20.072035 14.90126  14.78522 ]\n",
      " [16.977814 17.800522 21.100124 32.81755  21.185837 27.405315 22.72475\n",
      "  22.756487 15.737179 18.697351]\n",
      " [16.269041 14.454283 20.730509 21.185837 30.249325 21.6089   20.353895\n",
      "  23.349806 14.15184  14.945722]\n",
      " [15.780832 17.243233 20.660595 27.405315 21.6089   34.046078 20.778934\n",
      "  25.072535 14.404547 17.915457]\n",
      " [15.683271 18.001417 21.21904  22.72475  20.353895 20.778934 34.80645\n",
      "  18.064922 15.370961 16.815197]\n",
      " [17.516659 17.817215 20.072035 22.756487 23.349806 25.072535 18.064922\n",
      "  37.959545 15.247223 19.738668]\n",
      " [19.733599 20.671387 14.90126  15.737179 14.15184  14.404547 15.370961\n",
      "  15.247223 30.607433 21.533112]\n",
      " [19.700056 28.823551 14.78522  18.697351 14.945722 17.915457 16.815197\n",
      "  19.738668 21.533112 41.518883]]\n",
      "[[27.291662 18.614132 18.917698 16.977814 16.269041 15.780832 15.683271\n",
      "  17.516659 19.733599 19.700056]\n",
      " [18.614132 41.505836 15.252005 17.800522 14.454283 17.243233 18.001417\n",
      "  17.817215 20.671387 28.823551]\n",
      " [18.917698 15.252005 28.669546 21.100124 20.730509 20.660595 21.21904\n",
      "  20.072035 14.90126  14.78522 ]\n",
      " [16.977814 17.800522 21.100124 32.81755  21.185837 27.405315 22.72475\n",
      "  22.756487 15.737179 18.697351]\n",
      " [16.269041 14.454283 20.730509 21.185837 30.249325 21.6089   20.353895\n",
      "  23.349806 14.15184  14.945722]\n",
      " [15.780832 17.243233 20.660595 27.405315 21.6089   34.046078 20.778934\n",
      "  25.072535 14.404547 17.915457]\n",
      " [15.683271 18.001417 21.21904  22.72475  20.353895 20.778934 34.80645\n",
      "  18.064922 15.370961 16.815197]\n",
      " [17.516659 17.817215 20.072035 22.756487 23.349806 25.072535 18.064922\n",
      "  37.959545 15.247223 19.738668]\n",
      " [19.733599 20.671387 14.90126  15.737179 14.15184  14.404547 15.370961\n",
      "  15.247223 30.607433 21.533112]\n",
      " [19.700056 28.823551 14.78522  18.697351 14.945722 17.915457 16.815197\n",
      "  19.738668 21.533112 41.518883]]\n",
      "[[27.291662 18.614132 18.917698 16.977814 16.269041 15.780832 15.683271\n",
      "  17.516659 19.733599 19.700056]\n",
      " [18.614132 41.505836 15.252005 17.800522 14.454283 17.243233 18.001417\n",
      "  17.817215 20.671387 28.823551]\n",
      " [18.917698 15.252005 28.669546 21.100124 20.730509 20.660595 21.21904\n",
      "  20.072035 14.90126  14.78522 ]\n",
      " [16.977814 17.800522 21.100124 32.81755  21.185837 27.405315 22.72475\n",
      "  22.756487 15.737179 18.697351]\n",
      " [16.269041 14.454283 20.730509 21.185837 30.249325 21.6089   20.353895\n",
      "  23.349806 14.15184  14.945722]\n",
      " [15.780832 17.243233 20.660595 27.405315 21.6089   34.046078 20.778934\n",
      "  25.072535 14.404547 17.915457]\n",
      " [15.683271 18.001417 21.21904  22.72475  20.353895 20.778934 34.80645\n",
      "  18.064922 15.370961 16.815197]\n",
      " [17.516659 17.817215 20.072035 22.756487 23.349806 25.072535 18.064922\n",
      "  37.959545 15.247223 19.738668]\n",
      " [19.733599 20.671387 14.90126  15.737179 14.15184  14.404547 15.370961\n",
      "  15.247223 30.607433 21.533112]\n",
      " [19.700056 28.823551 14.78522  18.697351 14.945722 17.915457 16.815197\n",
      "  19.738668 21.533112 41.518883]]\n",
      "[[27.291662 18.614132 18.917698 16.977814 16.269041 15.780832 15.683271\n",
      "  17.516659 19.733599 19.700056]\n",
      " [18.614132 41.505836 15.252005 17.800522 14.454283 17.243233 18.001417\n",
      "  17.817215 20.671387 28.823551]\n",
      " [18.917698 15.252005 28.669546 21.100124 20.730509 20.660595 21.21904\n",
      "  20.072035 14.90126  14.78522 ]\n",
      " [16.977814 17.800522 21.100124 32.81755  21.185837 27.405315 22.72475\n",
      "  22.756487 15.737179 18.697351]\n",
      " [16.269041 14.454283 20.730509 21.185837 30.249325 21.6089   20.353895\n",
      "  23.349806 14.15184  14.945722]\n",
      " [15.780832 17.243233 20.660595 27.405315 21.6089   34.046078 20.778934\n",
      "  25.072535 14.404547 17.915457]\n",
      " [15.683271 18.001417 21.21904  22.72475  20.353895 20.778934 34.80645\n",
      "  18.064922 15.370961 16.815197]\n",
      " [17.516659 17.817215 20.072035 22.756487 23.349806 25.072535 18.064922\n",
      "  37.959545 15.247223 19.738668]\n",
      " [19.733599 20.671387 14.90126  15.737179 14.15184  14.404547 15.370961\n",
      "  15.247223 30.607433 21.533112]\n",
      " [19.700056 28.823551 14.78522  18.697351 14.945722 17.915457 16.815197\n",
      "  19.738668 21.533112 41.518883]]\n",
      "[[27.291662 18.614132 18.917698 16.977814 16.269041 15.780832 15.683271\n",
      "  17.516659 19.733599 19.700056]\n",
      " [18.614132 41.505836 15.252005 17.800522 14.454283 17.243233 18.001417\n",
      "  17.817215 20.671387 28.823551]\n",
      " [18.917698 15.252005 28.669546 21.100124 20.730509 20.660595 21.21904\n",
      "  20.072035 14.90126  14.78522 ]\n",
      " [16.977814 17.800522 21.100124 32.81755  21.185837 27.405315 22.72475\n",
      "  22.756487 15.737179 18.697351]\n",
      " [16.269041 14.454283 20.730509 21.185837 30.249325 21.6089   20.353895\n",
      "  23.349806 14.15184  14.945722]\n",
      " [15.780832 17.243233 20.660595 27.405315 21.6089   34.046078 20.778934\n",
      "  25.072535 14.404547 17.915457]\n",
      " [15.683271 18.001417 21.21904  22.72475  20.353895 20.778934 34.80645\n",
      "  18.064922 15.370961 16.815197]\n",
      " [17.516659 17.817215 20.072035 22.756487 23.349806 25.072535 18.064922\n",
      "  37.959545 15.247223 19.738668]\n",
      " [19.733599 20.671387 14.90126  15.737179 14.15184  14.404547 15.370961\n",
      "  15.247223 30.607433 21.533112]\n",
      " [19.700056 28.823551 14.78522  18.697351 14.945722 17.915457 16.815197\n",
      "  19.738668 21.533112 41.518883]]\n",
      "[[27.291662 18.614132 18.917698 16.977814 16.269041 15.780832 15.683271\n",
      "  17.516659 19.733599 19.700056]\n",
      " [18.614132 41.505836 15.252005 17.800522 14.454283 17.243233 18.001417\n",
      "  17.817215 20.671387 28.823551]\n",
      " [18.917698 15.252005 28.669546 21.100124 20.730509 20.660595 21.21904\n",
      "  20.072035 14.90126  14.78522 ]\n",
      " [16.977814 17.800522 21.100124 32.81755  21.185837 27.405315 22.72475\n",
      "  22.756487 15.737179 18.697351]\n",
      " [16.269041 14.454283 20.730509 21.185837 30.249325 21.6089   20.353895\n",
      "  23.349806 14.15184  14.945722]\n",
      " [15.780832 17.243233 20.660595 27.405315 21.6089   34.046078 20.778934\n",
      "  25.072535 14.404547 17.915457]\n",
      " [15.683271 18.001417 21.21904  22.72475  20.353895 20.778934 34.80645\n",
      "  18.064922 15.370961 16.815197]\n",
      " [17.516659 17.817215 20.072035 22.756487 23.349806 25.072535 18.064922\n",
      "  37.959545 15.247223 19.738668]\n",
      " [19.733599 20.671387 14.90126  15.737179 14.15184  14.404547 15.370961\n",
      "  15.247223 30.607433 21.533112]\n",
      " [19.700056 28.823551 14.78522  18.697351 14.945722 17.915457 16.815197\n",
      "  19.738668 21.533112 41.518883]]\n",
      "[[27.291662 18.614132 18.917698 16.977814 16.269041 15.780832 15.683271\n",
      "  17.516659 19.733599 19.700056]\n",
      " [18.614132 41.505836 15.252005 17.800522 14.454283 17.243233 18.001417\n",
      "  17.817215 20.671387 28.823551]\n",
      " [18.917698 15.252005 28.669546 21.100124 20.730509 20.660595 21.21904\n",
      "  20.072035 14.90126  14.78522 ]\n",
      " [16.977814 17.800522 21.100124 32.81755  21.185837 27.405315 22.72475\n",
      "  22.756487 15.737179 18.697351]\n",
      " [16.269041 14.454283 20.730509 21.185837 30.249325 21.6089   20.353895\n",
      "  23.349806 14.15184  14.945722]\n",
      " [15.780832 17.243233 20.660595 27.405315 21.6089   34.046078 20.778934\n",
      "  25.072535 14.404547 17.915457]\n",
      " [15.683271 18.001417 21.21904  22.72475  20.353895 20.778934 34.80645\n",
      "  18.064922 15.370961 16.815197]\n",
      " [17.516659 17.817215 20.072035 22.756487 23.349806 25.072535 18.064922\n",
      "  37.959545 15.247223 19.738668]\n",
      " [19.733599 20.671387 14.90126  15.737179 14.15184  14.404547 15.370961\n",
      "  15.247223 30.607433 21.533112]\n",
      " [19.700056 28.823551 14.78522  18.697351 14.945722 17.915457 16.815197\n",
      "  19.738668 21.533112 41.518883]]\n",
      "[[27.291662 18.614132 18.917698 16.977814 16.269041 15.780832 15.683271\n",
      "  17.516659 19.733599 19.700056]\n",
      " [18.614132 41.505836 15.252005 17.800522 14.454283 17.243233 18.001417\n",
      "  17.817215 20.671387 28.823551]\n",
      " [18.917698 15.252005 28.669546 21.100124 20.730509 20.660595 21.21904\n",
      "  20.072035 14.90126  14.78522 ]\n",
      " [16.977814 17.800522 21.100124 32.81755  21.185837 27.405315 22.72475\n",
      "  22.756487 15.737179 18.697351]\n",
      " [16.269041 14.454283 20.730509 21.185837 30.249325 21.6089   20.353895\n",
      "  23.349806 14.15184  14.945722]\n",
      " [15.780832 17.243233 20.660595 27.405315 21.6089   34.046078 20.778934\n",
      "  25.072535 14.404547 17.915457]\n",
      " [15.683271 18.001417 21.21904  22.72475  20.353895 20.778934 34.80645\n",
      "  18.064922 15.370961 16.815197]\n",
      " [17.516659 17.817215 20.072035 22.756487 23.349806 25.072535 18.064922\n",
      "  37.959545 15.247223 19.738668]\n",
      " [19.733599 20.671387 14.90126  15.737179 14.15184  14.404547 15.370961\n",
      "  15.247223 30.607433 21.533112]\n",
      " [19.700056 28.823551 14.78522  18.697351 14.945722 17.915457 16.815197\n",
      "  19.738668 21.533112 41.518883]]\n",
      "[[27.291662 18.614132 18.917698 16.977814 16.269041 15.780832 15.683271\n",
      "  17.516659 19.733599 19.700056]\n",
      " [18.614132 41.505836 15.252005 17.800522 14.454283 17.243233 18.001417\n",
      "  17.817215 20.671387 28.823551]\n",
      " [18.917698 15.252005 28.669546 21.100124 20.730509 20.660595 21.21904\n",
      "  20.072035 14.90126  14.78522 ]\n",
      " [16.977814 17.800522 21.100124 32.81755  21.185837 27.405315 22.72475\n",
      "  22.756487 15.737179 18.697351]\n",
      " [16.269041 14.454283 20.730509 21.185837 30.249325 21.6089   20.353895\n",
      "  23.349806 14.15184  14.945722]\n",
      " [15.780832 17.243233 20.660595 27.405315 21.6089   34.046078 20.778934\n",
      "  25.072535 14.404547 17.915457]\n",
      " [15.683271 18.001417 21.21904  22.72475  20.353895 20.778934 34.80645\n",
      "  18.064922 15.370961 16.815197]\n",
      " [17.516659 17.817215 20.072035 22.756487 23.349806 25.072535 18.064922\n",
      "  37.959545 15.247223 19.738668]\n",
      " [19.733599 20.671387 14.90126  15.737179 14.15184  14.404547 15.370961\n",
      "  15.247223 30.607433 21.533112]\n",
      " [19.700056 28.823551 14.78522  18.697351 14.945722 17.915457 16.815197\n",
      "  19.738668 21.533112 41.518883]]\n",
      "[[27.291662 18.614132 18.917698 16.977814 16.269041 15.780832 15.683271\n",
      "  17.516659 19.733599 19.700056]\n",
      " [18.614132 41.505836 15.252005 17.800522 14.454283 17.243233 18.001417\n",
      "  17.817215 20.671387 28.823551]\n",
      " [18.917698 15.252005 28.669546 21.100124 20.730509 20.660595 21.21904\n",
      "  20.072035 14.90126  14.78522 ]\n",
      " [16.977814 17.800522 21.100124 32.81755  21.185837 27.405315 22.72475\n",
      "  22.756487 15.737179 18.697351]\n",
      " [16.269041 14.454283 20.730509 21.185837 30.249325 21.6089   20.353895\n",
      "  23.349806 14.15184  14.945722]\n",
      " [15.780832 17.243233 20.660595 27.405315 21.6089   34.046078 20.778934\n",
      "  25.072535 14.404547 17.915457]\n",
      " [15.683271 18.001417 21.21904  22.72475  20.353895 20.778934 34.80645\n",
      "  18.064922 15.370961 16.815197]\n",
      " [17.516659 17.817215 20.072035 22.756487 23.349806 25.072535 18.064922\n",
      "  37.959545 15.247223 19.738668]\n",
      " [19.733599 20.671387 14.90126  15.737179 14.15184  14.404547 15.370961\n",
      "  15.247223 30.607433 21.533112]\n",
      " [19.700056 28.823551 14.78522  18.697351 14.945722 17.915457 16.815197\n",
      "  19.738668 21.533112 41.518883]]\n",
      "[[27.291662 18.614132 18.917698 16.977814 16.269041 15.780832 15.683271\n",
      "  17.516659 19.733599 19.700056]\n",
      " [18.614132 41.505836 15.252005 17.800522 14.454283 17.243233 18.001417\n",
      "  17.817215 20.671387 28.823551]\n",
      " [18.917698 15.252005 28.669546 21.100124 20.730509 20.660595 21.21904\n",
      "  20.072035 14.90126  14.78522 ]\n",
      " [16.977814 17.800522 21.100124 32.81755  21.185837 27.405315 22.72475\n",
      "  22.756487 15.737179 18.697351]\n",
      " [16.269041 14.454283 20.730509 21.185837 30.249325 21.6089   20.353895\n",
      "  23.349806 14.15184  14.945722]\n",
      " [15.780832 17.243233 20.660595 27.405315 21.6089   34.046078 20.778934\n",
      "  25.072535 14.404547 17.915457]\n",
      " [15.683271 18.001417 21.21904  22.72475  20.353895 20.778934 34.80645\n",
      "  18.064922 15.370961 16.815197]\n",
      " [17.516659 17.817215 20.072035 22.756487 23.349806 25.072535 18.064922\n",
      "  37.959545 15.247223 19.738668]\n",
      " [19.733599 20.671387 14.90126  15.737179 14.15184  14.404547 15.370961\n",
      "  15.247223 30.607433 21.533112]\n",
      " [19.700056 28.823551 14.78522  18.697351 14.945722 17.915457 16.815197\n",
      "  19.738668 21.533112 41.518883]]\n",
      "[[27.291662 18.614132 18.917698 16.977814 16.269041 15.780832 15.683271\n",
      "  17.516659 19.733599 19.700056]\n",
      " [18.614132 41.505836 15.252005 17.800522 14.454283 17.243233 18.001417\n",
      "  17.817215 20.671387 28.823551]\n",
      " [18.917698 15.252005 28.669546 21.100124 20.730509 20.660595 21.21904\n",
      "  20.072035 14.90126  14.78522 ]\n",
      " [16.977814 17.800522 21.100124 32.81755  21.185837 27.405315 22.72475\n",
      "  22.756487 15.737179 18.697351]\n",
      " [16.269041 14.454283 20.730509 21.185837 30.249325 21.6089   20.353895\n",
      "  23.349806 14.15184  14.945722]\n",
      " [15.780832 17.243233 20.660595 27.405315 21.6089   34.046078 20.778934\n",
      "  25.072535 14.404547 17.915457]\n",
      " [15.683271 18.001417 21.21904  22.72475  20.353895 20.778934 34.80645\n",
      "  18.064922 15.370961 16.815197]\n",
      " [17.516659 17.817215 20.072035 22.756487 23.349806 25.072535 18.064922\n",
      "  37.959545 15.247223 19.738668]\n",
      " [19.733599 20.671387 14.90126  15.737179 14.15184  14.404547 15.370961\n",
      "  15.247223 30.607433 21.533112]\n",
      " [19.700056 28.823551 14.78522  18.697351 14.945722 17.915457 16.815197\n",
      "  19.738668 21.533112 41.518883]]\n",
      "[[27.291662 18.614132 18.917698 16.977814 16.269041 15.780832 15.683271\n",
      "  17.516659 19.733599 19.700056]\n",
      " [18.614132 41.505836 15.252005 17.800522 14.454283 17.243233 18.001417\n",
      "  17.817215 20.671387 28.823551]\n",
      " [18.917698 15.252005 28.669546 21.100124 20.730509 20.660595 21.21904\n",
      "  20.072035 14.90126  14.78522 ]\n",
      " [16.977814 17.800522 21.100124 32.81755  21.185837 27.405315 22.72475\n",
      "  22.756487 15.737179 18.697351]\n",
      " [16.269041 14.454283 20.730509 21.185837 30.249325 21.6089   20.353895\n",
      "  23.349806 14.15184  14.945722]\n",
      " [15.780832 17.243233 20.660595 27.405315 21.6089   34.046078 20.778934\n",
      "  25.072535 14.404547 17.915457]\n",
      " [15.683271 18.001417 21.21904  22.72475  20.353895 20.778934 34.80645\n",
      "  18.064922 15.370961 16.815197]\n",
      " [17.516659 17.817215 20.072035 22.756487 23.349806 25.072535 18.064922\n",
      "  37.959545 15.247223 19.738668]\n",
      " [19.733599 20.671387 14.90126  15.737179 14.15184  14.404547 15.370961\n",
      "  15.247223 30.607433 21.533112]\n",
      " [19.700056 28.823551 14.78522  18.697351 14.945722 17.915457 16.815197\n",
      "  19.738668 21.533112 41.518883]]\n",
      "[[27.291662 18.614132 18.917698 16.977814 16.269041 15.780832 15.683271\n",
      "  17.516659 19.733599 19.700056]\n",
      " [18.614132 41.505836 15.252005 17.800522 14.454283 17.243233 18.001417\n",
      "  17.817215 20.671387 28.823551]\n",
      " [18.917698 15.252005 28.669546 21.100124 20.730509 20.660595 21.21904\n",
      "  20.072035 14.90126  14.78522 ]\n",
      " [16.977814 17.800522 21.100124 32.81755  21.185837 27.405315 22.72475\n",
      "  22.756487 15.737179 18.697351]\n",
      " [16.269041 14.454283 20.730509 21.185837 30.249325 21.6089   20.353895\n",
      "  23.349806 14.15184  14.945722]\n",
      " [15.780832 17.243233 20.660595 27.405315 21.6089   34.046078 20.778934\n",
      "  25.072535 14.404547 17.915457]\n",
      " [15.683271 18.001417 21.21904  22.72475  20.353895 20.778934 34.80645\n",
      "  18.064922 15.370961 16.815197]\n",
      " [17.516659 17.817215 20.072035 22.756487 23.349806 25.072535 18.064922\n",
      "  37.959545 15.247223 19.738668]\n",
      " [19.733599 20.671387 14.90126  15.737179 14.15184  14.404547 15.370961\n",
      "  15.247223 30.607433 21.533112]\n",
      " [19.700056 28.823551 14.78522  18.697351 14.945722 17.915457 16.815197\n",
      "  19.738668 21.533112 41.518883]]\n",
      "[[27.291662 18.614132 18.917698 16.977814 16.269041 15.780832 15.683271\n",
      "  17.516659 19.733599 19.700056]\n",
      " [18.614132 41.505836 15.252005 17.800522 14.454283 17.243233 18.001417\n",
      "  17.817215 20.671387 28.823551]\n",
      " [18.917698 15.252005 28.669546 21.100124 20.730509 20.660595 21.21904\n",
      "  20.072035 14.90126  14.78522 ]\n",
      " [16.977814 17.800522 21.100124 32.81755  21.185837 27.405315 22.72475\n",
      "  22.756487 15.737179 18.697351]\n",
      " [16.269041 14.454283 20.730509 21.185837 30.249325 21.6089   20.353895\n",
      "  23.349806 14.15184  14.945722]\n",
      " [15.780832 17.243233 20.660595 27.405315 21.6089   34.046078 20.778934\n",
      "  25.072535 14.404547 17.915457]\n",
      " [15.683271 18.001417 21.21904  22.72475  20.353895 20.778934 34.80645\n",
      "  18.064922 15.370961 16.815197]\n",
      " [17.516659 17.817215 20.072035 22.756487 23.349806 25.072535 18.064922\n",
      "  37.959545 15.247223 19.738668]\n",
      " [19.733599 20.671387 14.90126  15.737179 14.15184  14.404547 15.370961\n",
      "  15.247223 30.607433 21.533112]\n",
      " [19.700056 28.823551 14.78522  18.697351 14.945722 17.915457 16.815197\n",
      "  19.738668 21.533112 41.518883]]\n",
      "[[27.291662 18.614132 18.917698 16.977814 16.269041 15.780832 15.683271\n",
      "  17.516659 19.733599 19.700056]\n",
      " [18.614132 41.505836 15.252005 17.800522 14.454283 17.243233 18.001417\n",
      "  17.817215 20.671387 28.823551]\n",
      " [18.917698 15.252005 28.669546 21.100124 20.730509 20.660595 21.21904\n",
      "  20.072035 14.90126  14.78522 ]\n",
      " [16.977814 17.800522 21.100124 32.81755  21.185837 27.405315 22.72475\n",
      "  22.756487 15.737179 18.697351]\n",
      " [16.269041 14.454283 20.730509 21.185837 30.249325 21.6089   20.353895\n",
      "  23.349806 14.15184  14.945722]\n",
      " [15.780832 17.243233 20.660595 27.405315 21.6089   34.046078 20.778934\n",
      "  25.072535 14.404547 17.915457]\n",
      " [15.683271 18.001417 21.21904  22.72475  20.353895 20.778934 34.80645\n",
      "  18.064922 15.370961 16.815197]\n",
      " [17.516659 17.817215 20.072035 22.756487 23.349806 25.072535 18.064922\n",
      "  37.959545 15.247223 19.738668]\n",
      " [19.733599 20.671387 14.90126  15.737179 14.15184  14.404547 15.370961\n",
      "  15.247223 30.607433 21.533112]\n",
      " [19.700056 28.823551 14.78522  18.697351 14.945722 17.915457 16.815197\n",
      "  19.738668 21.533112 41.518883]]\n",
      "[[27.291662 18.614132 18.917698 16.977814 16.269041 15.780832 15.683271\n",
      "  17.516659 19.733599 19.700056]\n",
      " [18.614132 41.505836 15.252005 17.800522 14.454283 17.243233 18.001417\n",
      "  17.817215 20.671387 28.823551]\n",
      " [18.917698 15.252005 28.669546 21.100124 20.730509 20.660595 21.21904\n",
      "  20.072035 14.90126  14.78522 ]\n",
      " [16.977814 17.800522 21.100124 32.81755  21.185837 27.405315 22.72475\n",
      "  22.756487 15.737179 18.697351]\n",
